>> D=[13 5 10; 18 9 5; 3 17 10]
D =

   13    5   10
   18    9    5
    3   17   10

>> DET=det(D)
DET =  2030

