>> A=[12 15 11 17; 3 13 4 15; 11 9 6 18; 18  5 18 3]
A =

   12   15   11   17
    3   13    4   15
   11    9    6   18
   18    5   18    3

>> B=[5 8 18 11; 5 6 17 9; 0 5 7 5; 7 4 9 19]
B =

    5    8   18   11
    5    6   17    9
    0    5    7    5
    7    4    9   19

>> C = A*B
C =

   254   309   701   645
   185   182   438   455
   226   244   555   574
   136   276   562   390
